 549
 231
 46
 11
\n 5900
 5660
 59
 1435
 595
 16
 351
 59
 76
 828
 715
ĩ 24
 504
 628
 82
 997
 81
 349
ʼ 50
 2
д 89
 43635
 1405
 646
 84
 140
 496
 414
 419
ͳ 330
һ 4046
 174
 45
 2198
κ 1203
 3057
 842
 951
 261
 59
 115
 4913
 1303
 77
 8
֮ 7851
 441
 174
 52
 529
 140
ì 50
 2
 138
 129
Ϊ 2653
 1414
 11
 55
 2206
ȫ 201
 24553
С 663
˵ 1413
 1633
 88
 25
 61
 475
 37
ʷ 207
 306
 80
 2056
չ 28
ʾ 51
 2343
 249
ʱ 1212
 68
 14
 71
 376
 41
 1191
 129
 131
 190
ɫ 196
 241
ͻ 160
ı 436
 108
 693
 809
 205
 221
 8
 692
 1423
 1834
 235
Զ 288
Ӱ 17
 123
 1610
 2697
 238
 330
 1071
ƪ 18
 52
 1721
 78
 42
 403
ԭ 375
 471
 1878
 889
 2945
 1407
 44
 24
 710
 317
 263
ʢ 163
 967
 33
ְ 67
ҵ 141
 5132
ϲ 586
 30
 55
 111
 172
 479
 16
 12
 3292
 15
 2503
 426
 90
׫ 4
 21
 162
ע 9
־ 119
 501
 1142
 542
 2100
 38
 75
 18
 53
 5
 1108
 253
 103
ĳ 519
Щ 33
 41
 211
Ƭ 32
 42
 331
Ҳ 2281
 1182
 249
 255
 164
ȡ 1004
Խ 89
 80
 48
 49
 24
 148
 571
 128
 543
 31
 65
 1
 509
 27
 28
 136
 660
 1733
 219
 78
 510
 30
 483
 410
 1606
 1574
 21
 6737
 23
 153
 85
 968
 44
ʽ 32
 747
ͬ 541
 260
 511
 23
 23
 669
 165
 32
԰ 59
 36
 40
ն 503
Ӣ 175
 243
 392
 373
 31
 754
 9
ˮ 682
 22
 55
 1
 644
 553
 612
ת 112
ͷ 463
 135
 177
ɽ 1165
 167
 161
 104
 85
Ϧ 45
 530
 99
 259
 10
 10
 11
 20
 542
 93
 281
 125
 8
 12
 360
 77
 1949
 255
 755
 218
Ц 481
̸ 42
 86
 117
 23
 181
 26
 88
 1338
 2783
 4174
 429
 896
 348
 1236
 529
 220
 476
 1606
 2781
 83
 395
 139
 36
 329
 476
 176
 46
 170
 532
 388
 262
 592
 1035
 172
 144
 351
 10
 107
 145
 1721
 156
 1
 166
 12
 9
 25
 556
 40
 761
λ 155
 3795
 3
̫ 702
 123
ެ 8
 241
 95
 41
 2132
 96
 920
Ū 22
Ȩ 826
 120
 132
 273
 346
 241
 6
 2812
 57
 121
 187
 219
 777
 726
 1797
 136
 63
 2276
 137
 106
 62
 161
 54
 108
ֻ 1178
 2547
 98
 887
 90
 819
 4
 3
 627
 168
 570
 505
 811
 536
 333
 774
 164
 352
 92
 288
 51
 760
Ȼ 980
 83
 111
 6
 1
 196
 1367
 253
ҹ 616
ֹ 222
 11
ȴ 1130
 44
 28
 1500
 776
 122
 714
 199
 2696
 111
 9
 2
 39
 211
 600
 33
 175
Ԫ 206
 14
 26
 138
 185
˷ 13
 53
ʮ 1326
 628
 122
 7
 105
 114
 167
 741
 152
 1323
 38
 39
 60
گ 250
 1022
Ⱥ 147
 774
 9
 149
 621
 136
 174
 24
 51
U 2
 27
 1758
 56
 22
 180
 1668
 55
 114
ֱ 392
 97
 371
̾ 257
Ϣ 162
 357
 221
 50
 402
Ϥ 24
 67
 412
 396
 53
 266
 402
 113
 1864
 80
 444
 566
 350
נ 6
 42
 823
 12
˶ 18
 206
 29
 519
 3
 307
ʤ 431
 10
 122
 106
 249
 9037
 248
 203
 8975
 73
 116
 77
 394
 1023
˼ 255
 31
 586
 8
¹ 40
 360
 378
 404
 560
 118
 345
 32
 308
 22
ҩ 65
 189
 359
 18
 83
ͯ 86
 157
 626
ִ 159
޼ 7
 21
 344
 121
 74
Ի 8750
 10277
ƽ 736
Ҫ 345
 177
 1218
 1212
 111
 1168
 43
 319
 70
 1146
 513
 323
 2339
 804
 160
 126
 502
 70
ȥ 1849
 51
 479
ϰ 54
 781
 546
 4
ɢ 201
ʩ 91
 33
 233
 198
 219
 283
ʦ 491
ͽ 107
 1137
 37
 79
 5
 465
 715
ǧ 507
 13
˧ 46
 5
 27
 991
 93
 215
 1377
 128
 1783
 211
 314
 719
 33
 559
 115
 495
 87
 50
ԥ 98
 262
 1049
 358
ǲ 405
 61
 3902
 227
 116
 322
 40
 305
Ӧ 540
 369
 303
˳ 167
 379
 76
 2311
ϧ 65
˽ 69
 378
Լ 188
 221
ʹ 1101
 24
 53
 292
 154
ʡ 49
 207
 2424
 810
 4686
 318
 330
 65
 796
֪ 1362
¶ 43
 81
 100
 132
ʥ 73
 236
 229
 25
 39
 2
 511
 189
 680
 686
 749
 138
¬ 33
ֲ 75
 296
 39
 59
 139
y 45
 1679
 176
· 1084
 594
ǰ 1408
 107
 66
 960
 1191
 71
 94
 195
 188
³ 257
 32
 1060
У 101
ξ 139
 15
 39
 939
 1409
 42
 2197
 152
 514
 401
 24
ļ 8
 684
 12
 149
 420
 56
 131
 60
 140
ŭ 571
ר 90
 545
 75
 67
 755
 54
 12
˫ 93
ϥ 17
Ŀ 198
 198
 1665
 49
 22
Ϳ 30
֬ 4
 66
 1883
 1047
 187
 17
ͤ 144
 364
 1
ʧ 390
 108
֦ 87
 41
 190
Т 102
 16
 608
 98
 98
 405
ɥ 118
 121
ĸ 202
ƶ 17
 4
 5
֯ 6
ϯ 113
ס 593
¥ 81
ɣ 33
 26
 68
ң 83
 420
 172
 83
 93
 148
Ϸ 44
 219
 101
 2535
 41
 31
ѧ 76
֣ 64
 100
 35
 935
 24
 60
 645
 560
 357
 2748
 35
 57
 39
 2
 229
ò 36
 199
ׯ 59
 27
 7
 15
ǡ 45
 148
 147
 456
 3
 1137
 357
 1038
 201
 34
 191
 7
 253
 287
 40
Ъ 93
 909
 217
 49
 14
 25
 560
 492
 1793
Ͷ 425
 169
 39
 9
 66
 81
 131
 6
ü 29
 204
 25
 352
 39
ߵ 29
 57
 71
 259
 336
 33
 60
ɱ 1483
 176
 32
 73
 122
Э 25
ͼ 323
 318
 70
ţ 163
 340
 40
 49
 61
 383
 107
 397
 334
 382
 131
 131
Σ 180
 27
 112
 236
Ը 408
ʵ 242
 12
 65
 205
¾ 54
 421
 158
 28
 224
 192
ʿ 889
ʹ 104
 75
ʰ 68
 118
 282
ƥ 161
 101
 82
 5
 13
 6
ӭ 461
 401
 38
ÿ 119
 754
 454
 303
 68
 602
 74
 93
 45
 534
 296
 27
 42
 1
 113
 20
л 237
 233
 890
 13
 248
 16
 326
 339
 20
 477
 30
 4
 2
 117
 18
 32
 86
ͨ 136
 14
 32
ֶ 66
 46
 582
 104
Ĩ 15
 15
 82
 202
 119
 76
 296
ï 26
ս 1105
ͦ 152
 187
 12
 82
 133
 76
 65
 325
 233
 43
 74
ʫ 224
 92
ӱ 5
 56
 42
 255
 8
 68
 790
׷ 444
 175
 158
 20
 1
Χ 280
 88
 176
Ԯ 51
 53
 734
կ 1078
ν 414
 541
 91
 251
 21
 49
Ħ 16
 89
 22
 92
 226
 35
 17
 230
 61
 216
 273
ѷ 180
ΰ 16
 24
 31
 47
 20
 363
 322
 606
 158
δ 880
 163
 24
 290
 32
̽ 247
 81
 9
 144
 266
Ӫ 405
 100
 188
 21
 197
 47
 60
 218
 124
 123
 40
ϸ 177
 375
 86
 37
 2816
 342
 100
 84
ð 39
 51
 33
 51
 51
 79
թ 174
״ 53
 22
 429
 71
 10
 11
 176
 125
 439
 7
 183
ۿ 14
 226
 124
 232
 15
 260
Ѳ 64
 445
Ī 141
 643
 93
 46
 172
ֵ 44
 77
 97
 26
 116
Ϯ 168
 227
 15
 59
 35
 145
 7
 25
Ե 18
 28
͢ 101
 256
 10
¸ 10
 57
 465
 377
ȱ 31
Ǯ 49
 208
 63
Ю 27
 2
 58
 338
׿ 344
 46
 110
 335
ӵ 116
 1
 24
 55
Ұ 136
 246
Ѫ 124
 84
 158
 121
˭ 214
ʶ 121
 312
 23
 42
 50
 94
¤ 62
 33
 15
 15
 27
 25
 171
 173
 31
 382
 148
 49
 48
 316
 1440
 263
 86
 41
 112
 294
 78
 27
æ 147
 310
 54
 16
 131
 66
 9
 181
 4
׼ 128
ҡ 38
 35
 33
ɰ 5
ʯ 186
 150
 87
ֽ 19
׹ 43
 37
 349
 55
 286
 251
 33
 38
 21
ʬ 78
 25
 52
 434
 170
 93
 15
 169
 302
 117
 152
 162
 108
 24
 110
 414
 287
 124
 211
 100
Ү 300
 46
Ȱ 151
Ω 129
 39
 517
Ͱ 12
 62
 35
 30
 176
 262
 85
 13
 24
̨ 90
 3
 2
 115
 296
ָ 209
 56
 24
 112
˾ 662
 21
 18
F 3
 4
 13
ة 562
 4
 4
 35
 879
 13
 167
 8
 168
 10
 177
 48
 9
 53
 49
 38
 1
 71
 44
 9
 864
 87
Թ 81
 551
 1
΢ 73
 161
 137
 187
 59
 3
 18
 113
ʳ 204
 9
 33
 44
 27
 11
 51
ɳ 69
̭ 2
 340
 54
 64
 42
 63
 181
 217
 6
 10
 21
 131
 97
 110
 13
 84
 242
 43
 33
 279
 59
 100
 65
 23
Բ 52
ҧ 25
 32
 57
 22
 22
 14
ô 17
 13
 36
׮ 1
 112
 12
 26
 6
 21
 7
 298
 300
 159
 77
 364
 4
 9
 86
 1
 8
 15
 11
 4
ӡ 84
 49
 91
 14
 19
 24
 2
׽ 119
 37
 13
 17
 23
 106
 33
 27
 20
ѩ 69
 66
 192
 68
 10
 62
 227
 11
 48
 117
 38
 55
 187
 47
 366
 28
 247
 21
 391
 33
 6
 20
 101
 151
 53
 8
ײ 67
ǣ 44
 55
 55
 211
 39
 22
 52
 44
 132
 9
 27
Ǩ 54
 111
 12
 34
 24
 67
 210
 63
 7
 11
 10
 1
 151
 59
ƫ 51
 173
 96
 48
 90
լ 34
 43
 6
 3
 135
 75
 17
 157
߳ 177
 71
 16
 16
 8
 14
 16
 12
 85
 188
ɨ 30
Ԭ 557
 7
 518
 9
 120
 109
 94
̩ 160
Ա 101
 25
 85
 14
 3
 182
ּ 68
 46
 25
 68
 36
¼ 12
̧ 9
 6
 47
 115
 11
 83
 18
Ԥ 80
 32
 28
 607
 22
 19
 3
 8
ϵ 53
 5
 31
 48
 24
 64
 95
 43
 9
 2
 23
 37
 16
ͥ 26
 86
 124
 8
 21
 58
 183
 42
 55
 58
û 27
Ψ 12
 224
 222
 84
ϭ 48
 116
 49
 10
 15
ȸ 26
 8
 154
¯ 7
 2
ë 49
 2
 19
 136
 145
 9
ų 24
 100
 57
 15
 100
 124
 3
 421
 394
 373
 182
 5
 103
 54
½ 197
 52
 26
 5
 137
 134
 129
 82
ζ 8
 16
 7
н 10
Ӹ 1
 49
 106
 8
 35
 2
 3
 73
 96
 72
 79
 12
 86
 9
 23
 52
 30
й 56
 109
 24
ѡ 67
 5
ܲ 606
 50
 75
 53
Ч 73
Ѱ 175
 54
 115
 47
ǽ 21
 48
в 6
 1
 31
 6
 8
 17
ߧ 7
 7
 33
 53
 100
 14
 14
 46
 3
 12
 2
 25
 16
 2
 2
 39
 67
 54
ç 11
 10
ө 4
â 13
 33
ҫ 47
 36
 16
Ժ 34
 70
 47
 46
 62
 15
ż 25
 8
 332
 23
 31
 23
 189
 16
 44
ҥ 14
 6
 70
 44
 96
 12
 227
 78
ο 52
 10
 57
 45
 41
 36
 5
 55
 109
 71
 44
 108
 196
 162
ͣ 54
 61
 142
 71
 32
 19
 3
 49
 41
 30
 40
 7
 89
 113
 172
 41
ͩ 2
 22
 20
ǿ 125
 130
 23
 109
 7
Ծ 80
Ǳ 33
 26
 123
 1
ʨ 6
 178
̿ 11
 117
ƾ 50
 19
 33
 16
 10
 99
 38
 34
 14
Ҿ 9
 203
 21
 15
 33
β 48
 13
˻ 14
 2
 2
 6
 26
 33
˿ 6
 1
 26
 9
 4
 4
 4
 72
 47
 10
 40
ľ 165
 60
 21
Ľ 20
 13
 36
 312
 20
 31
 94
 6
 2
 84
ũ 25
 29
 269
ˡ 30
 4
 37
 34
 1
 6
 35
٬ 2
 69
 36
 5
 61
 40
 19
 108
 30
 1
 7
 1
 13
а 16
 9
 6
 241
 25
 7
 20
 7
ί 33
 2
 3
 72
 36
 60
 16
 87
ߪ 3
 5
 98
 1
 18
 7
 6
İ 2
 11
 85
߱ 20
Ů 180
 107
 40
 90
 63
 7
 5
 6
 1
 63
 9
 468
ߥ 2
 3
 15
 12
 41
 33
װ 47
 66
 6
 20
 563
 20
 1
 3
ӯ 11
 12
 4
 40
 89
 5
 4
 23
 46
 92
 18
ף 25
 53
 64
 125
 2
 23
» 50
 6
 2
 6
 12
 4
 9
 93
 38
 10
Ƕ 6
 9
 15
 4
Ԣ 7
 67
 37
Ĳ 2
 73
 55
 47
 24
 7
 56
 68
 8
 10
 8
 40
 36
 23
 33
 33
 82
 4
 15
 30
 6
 14
¿ 12
ĥ 11
 24
 4
 5
ƿ 4
Я 27
 6
 28
 1
Ĭ 36
 3
ι 6
˯ 37
 35
 21
 45
 1
ǫ 82
 6
 159
Ӥ 9
ǹ 299
Ԩ 182
׳ 72
 5
 25
 22
 55
 210
 51
 3
 68
 51
 5
 18
 1781
 3
 189
 28
 40
 103
 344
 137
 211
 20
 9
 65
 9
 17
 12
 29
̳ 66
 5
Ű 14
 3
 6
 1
 3
 4
 7
 9
 39
 14
 6
 69
Υ 57
 73
 33
 134
 46
 7
 11
 84
Գ 9
 68
 16
 39
 1
 5
 232
֧ 21
 11
 1
 2
 16
 12
ʸ 49
 95
 65
 5
 3
 12
ק 23
ȵ 7
 48
 38
 14
 8
 66
 148
 34
 12
 13
 8
 25
 67
 64
 1
 13
 17
 8
 6
 4
 6
Ǭ 133
 4
ԯ 22
 33
յ 26
 10
 62
 24
 2
 2
 33
 75
 172
s 10
 14
 13
 2
ū 9
 11
 11
б 60
 50
 7
 12
 42
 28
 59
 36
 15
 23
 1
 5
 8
 1
 29
̤ 33
ӫ 3
 5
 77
ӻ 9
 5
 21
 7
˪ 5
 3
 3
 1
 1
 56
 2
 42
 43
 9
 6
 9
 2
 10
Ʈ 32
 23
ɡ 11
 68
϶ 14
 18
 76
 11
 265
 36
˹ 13
 10
 31
˥ 22
 17
 43
 32
 26
 2
 73
 9
 1
 3
ש 8
ˬ 95
ɧ 3
 48
 2
Ѻ 51
 26
 6
 7
 22
 26
 43
 14
ڣ 13
 4
 11
Ȯ 37
ƣ 32
 104
 8
 34
 13
 12
 46
 8
 46
 31
 5
 36
 38
 4
 2
 27
 8
ԫ 9
 21
 3
 24
ϻ 12
 4
Ŧ 4
 3
׭ 2
 21
 7
 1
 3
 88
© 34
͵ 32
 46
 24
 4
 62
 1
 111
S 1
 228
 58
פ 17
 1
 26
 44
 7
 113
 2
 38
 56
 45
̴ 14
 45
A 1
 28
 170
 8
 26
 44
 7
 16
 13
 15
 15
 54
 11
 31
 16
Ʃ 6
 4
 2
 12
 30
 10
ԩ 6
 12
 3
 2
Ũ 7
 2
Ƿ 16
Ͻ 1
Ǽ 84
 80
 18
Ȧ 3
 24
 4
 21
 39
 2
 9
 7
 5
 8
͸ 28
 4
 24
 5
 20
 3
 7
 13
 11
 3
 437
 18
 6
 28
 80
 147
 27
 28
 14
 27
 12
 7
 14
׾ 4
 31
 5
 8
Ȣ 12
 27
 41
 22
 12
 89
˩ 9
 10
 7
 14
 3
 116
 10
 7
 20
 16
 192
 7
d 25
 20
 6
 13
 10
 9
 1
 7
η 40
ݱ 28
 1
ĵ 4
 5
 23
 6
 61
 72
 17
 11
 9
 10
ѵ 16
 44
 26
Ȫ 69
ӿ 21
 78
 10
 29
 1
 1
 2
 1
 28
 26
ױ 15
 38
 24
 10
 1
 21
Ƶ 9
 35
 13
 3
 8
 31
Ρ 12
 4
˴ 17
Ң 11
 17
ѫ 26
 18
 1
 1
 2
 1
 1
 374
 8
 1
 20
ů 9
 1
 5
 9
 2
 24
 9
 2
 9
 38
ک 2
ӣ 1
 17
 6
 29
q 1
 25
ǳ 34
ձ 9
 13
 39
 66
 3
 36
 6
 1
 2
̬ 4
 5
 32
Ⱦ 18
 2
 2
 12
 10
 36
 9
 21
 24
 3
 3
 16
 1
 1
 41
 31
§ 1
 2
 35
 7
 33
 3
 121
ڼ 89
ӧ 12
 122
 68
 2
 22
ȹ 2
 27
 57
 3
 19
 19
 14
 11
 11
 98
 45
 10
ŵ 52
 15
 11
Ȭ 16
 61
 5
 6
 48
 15
 38
 10
 20
Ҵ 3
 6
 5
 1
 5
 8
 4
 4
 43
 21
 2
 1
 7
 4
 1
 16
 11
ڨ 1
 6
 357
¡ 32
ϴ 11
 3
 27
 20
 16
Ŭ 13
ظ 4
 2
ۼ 20
 9
 4
 4
 8
ب 1
 7
 6
 7
׬ 41
 11
Ʒ 7
Ƥ 25
 19
 4
 7
 5
 5
 10
 10
T 1
 1
 65
 15
 8
 10
 19
 25
 75
 9
 2
 3
 13
 76
 1
 28
ª 7
Ƹ 42
 44
 27
 1
d 13
Τ 92
 16
 3
 7
 2
 3
 2
 20
] 49
ɮ 12
 11
ʪ 18
 10
 20
 20
 3
 2
ѭ 19
۲ 6
ժ 6
 3
Ĺ 22
 75
 4
 24
 1
 123
 74
 34
 23
 56
 10
 13
 1
 3
 49
 15
 43
 37
 31
 8
 8
 149
 35
 8
 12
 9
 6
 56
 17
 27
 14
 7
 14
 1
 15
 16
 73
 4
 12
 3
 3
 32
 242
ؽ 1
 9
 13
 7
 2
 46
 8
Ѧ 28
 44
 11
 45
 33
 6
 10
γ 4
 54
Ӯ 13
 3
 2
 5
 66
 2
֫ 3
 6
 5
 5
 3
 17
 10
v 1
Ļ 19
 10
 11
Ӳ 9
 7
 37
 8
 153
 16
° 14
 2
 46
 9
 35
 52
 16
߯ 5
ѹ 23
_ 2
Ҷ 21
 6
 8
 10
 23
 5
 16
 5
֭ 2
 31
 1
̡ 1
 8
 2
 1
 2
 21
ʣ 18
ã 10
 2
 161
 26
ά 554
 10
 10
 77
 1
 36
ӳ 5
 10
۪ 17
 40
 2
 36
 10
 45
 10
̰ 18
 9
 15
 13
 14
 20
 5
 4
 1
 1
 3
 4
 7
 37
 15
Х 6
μ 66
 30
 17
 21
 20
 3
 8
 1
é 27
 5
 30
Ź 1
ҽ 54
 28
׶ 7
ݳ 1
 1
 3
 1
 7
 6
 24
 3
O 1
G 1
 2
 1
 3
 3
צ 11
 17
 11
 7
 312
 16
 26
 11
 3
 13
̢ 9
 2
ռ 45
 20
 3
 4
 7
 1
 2
 34
 30
 14
ɩ 78
 9
 1
® 30
 4
۵ 1
 75
 7
 144
 5
г 10
 14
ۡ 3
̲ 5
 3
 1
 5
դ 48
 1
 1
 25
 10
 7
 10
 45
 10
 7
« 27
έ 13
 9
 1
 21
 7
 1
 3
 16
 12
 3
Ҧ 2
 1
 4
 14
 5
ȼ 3
 3
 1
٢ 48
 28
ި 6
 1
 6
U 2
ط 33
 2
 2
 1
ϡ 10
 4
 4
 24
 1
ý 7
 6
 16
 12
ٹ 9
 4
ھ 5
 12
 2
հ 38
أ 25
 2
² 6
ǵ 18
 8
 1
ӥ 15
r 9
 185
 5
 32
 7
 18
 4
 5
 1
 21
 4
 13
 6
 8
 5
α 14
 40
 10
 4
 1
 4
 8
 6
 1
 8
 1
 2
 3
 17
 1
 10
 5
 3
 1
 24
 11
ĺ 16
 6
 6
 2
 64
 4
 1
 6
Ӻ 147
 1
; 41
 18
g 2
 1
Ѯ 26
 11
 33
 25
 2
 2
 5
 14
 10
 12
 9
 3
 2
 7
 6
 18
ܯ 3
 3
 15
 2
 71
 13
 10
 17
 1
 6
A 1
 5
 6
t 4
 2
 9
 1
 4
 12
 1
 9
 9
 12
 21
 2
׺ 2
 19
 10
 9
 6
 18
֤ 10
 4
ԧ 1
 1
 7
 1
 9
 4
 15
 4
 10
÷ 10
 17
 2
Į 13
 7
߶ 5
 1
 4
µ 12
 2
Ѹ 2
Ѩ 14
 17
 6
 38
 3
 5
 15
 2
 7
 4
 11
Ż 6
G 3
 5
 11
 6
 24
 3
 1
 3
 5
 18
 4
 3
 13
 3
 1
 1
 1
 5
 5
׸ 5
 1
Ʊ 2
 2
 1
 4
 1
 14
 6
 9
 1
 3
 10
 1
 1
 6
 7
 2
 12
 2
 3
 6
ǯ 3
 1
 2
 22
 60
 7
 20
 9
 3
 4
 3
 4
 3
 4
 6
 1
 2
 4
ڵ 5
 41
 3
 14
 1
 1
 2
 1
x 1
 3
 2
 4
 15
 1
 2
 17
 1
 18
 1
 2
 21
A 249
 3
 13
 19
 3
 1
Ϻ 2
 20
 3
V 3
 8
 30
 35
 151
 12
 10
 2
 4
 295
 1
 9
 4
 12
 1
 1
 1
 1
[ 1
 1
 14
 4
 1
 2
 3
 1
 2
 3
 1
 1
ѽ 4
 2
ٱ 2
 7
 4
Ť 6
 1
 2
 7
 1
 5
 4
 3
 3
 16
 2
 3
 3
 5
̷ 105
 4
 37
 10
 1
 4
ж 19
ٺ 3
 1
 2
 30
 11
 1
 29
ɴ 3
 2
 15
ɭ 4
е 25
 1
 2
 10
 1
 3
 1
 117
 22
 7
 1
 2
 83
̹ 14
 1
 4
 19
Ѷ 1
 4
 10
 1
ģ 9
 4
 13
 11
 2
ī 16
 9
 1
 1
 1
 1
Ф 3
 11
 14
 4
 3
 4
ƴ 1
 1
 2
 85
 3
 1
 8
 14
ɿ 2
 1
 2
 1
ɪ 2
 1
 11
ԡ 10
 7
 1
Ϫ 46
 22
 2
 12
 14
Д 3
 3
 1
 3
 60
 17
 2
 2
 58
 3
 8
 8
ۢ 17
 5
J 1
 1
 1
˰ 1
 1
 13
 7
 4
ö 8
 2
Ƨ 38
 9
 4
 4
 2
 23
 8
 5
 19
 2
 2
 5
 2
խ 8
֢ 1
ܱ 4
 2
 2
 35
 3
 2
̶ 6
 1
 4
 4
 16
բ 1
 1
 3
 6
ا 185
 11
 1
 6
 2
 1
 33
 1
 3
 7
 4
 7
 10
 10
̣ 5
 4
ز 7
 1
 1
 4
ͭ 67
 4
 8
 4
 6
 4
 1
 1
 7
 50
ӽ 3
 1
 3
 6
 1
 1
 4
 1
 8
 3
 14
 15
 6
 2
 3
 20
 3
 3
 21
 3
 3
 3
 5
 2
 5
 2
 2
@ 1
ڿ 2
 13
 5
 6
 3
X 1
۾ 2
 4
Һ 1
 1
 1
ӹ 32
 5
 5
ѻ 8
 25
ä 1
 1
 1
 2
 2
 2
 8
 1
 1
 307
 6
 16
 4
 2
ܰ 2
 3
 4
 1
 2
 1
 9
ͮ 21
 2
 8
 1
 1
 2
ؾ 1
٭ 1
 1
 1
 2
 7
 2
 1
Ķ 3
 2
ի 3
޹ 3
 1
ϣ 4
ñ 11
 2
 11
 2
 4
 1
 2
 2
 3
 6
 4
 8
 4
 1
 5
 13
 2
 11
 40
 7
մ 6
 6
 2
 2
 24
 1
 8
 6
 10
 10
Ͼ 10
 9
 17
 1
ѯ 4
 1
 14
 5
ۥ 1
 12
 12
 15
۶ 8
 1
 4
 91
G 1
 1
 1
 1
 8
ۭ 7
 1
 7
 3
 1
 1
 3
 2
 4
 25
 4
 11
 4
 4
 2
 28
и 12
 1
 2
[ 2
 2
 10
 3
 2
 2
 26
G 7
 4
 17
ڐ 2
Q 1
 3
 4
 5
 9
 39
 2
 1
Ͽ 7
ޭ 2
 5
 2
 2
 7
 8
 1
 1
 4
 5
 1
 9
 1
 2
ݷ 1
m 1
 2
 1
 8
 4
 4
 2
 2
 2
 1
 1
ϼ 1
 2
 1
 2
 2
 5
 2
޻ 1
 2
 4
 3
 1
 5
 12
 4
 2
G 2
 9
 4
 6
 6
 3
 2
 1
 1
 1
 5
 1
 3
 1
 1
 1
 1
 2
 4
 1
 4
¦ 4
 1
 2
 1
 1
 15
 11
 1
 1
 2
 6
Ӷ 1
 1
 1
 2
 14
 1
 5
 1
 30
 8
 1
 2
 1
 2
ƻ 1
 1
 2
 46
 4
 3
 1
Դ 4
 6
 3
 22
θ 2
 2
 1
 2
 2
 3
 1
 36
 1
ȭ 6
 2
 1
 5
 4
 2
 6
 2
 5
 3
 9
ɹ 5
 1
 8
ͺ 5
 10
Ţ 3
 1
 1
 11
 18
 64
 2
 5
 10
 22
 3
 4
 6
 9
 9
 8
̻ 4
Z 2
 1
 2
 1
 3
 3
 1
R 1
ۈ 1
 4
 1
 3
 7
 2
 1
 2
 2
 1
 6
 2
 3
 9
 1
Ǣ 2
 8
 2
ˤ 1
 4
 1
 2
 2
 2
 2
 2
 2
 2
 2
 1
 2
 3
 7
 2
 2
A 2
 1
 1
 2
 1
ؤ 1
 1
ڤ 2
 5
 4
 2
 7
 2
ݣ 1
 1
 22
 2
Ǹ 1
 1
 2
 1
 2
 4
 4
 3
 1
 3
 1
Ʋ 6
 13
 2
 1
 9
 1
 2
 2
 1
 3
 1
 3
 1
 1
 1
۫ 1
 1
 6
 18
Ѣ 2
 1
 1
 3
 38
ں 5
֥ 86
 1
Y 30
 38
 24
 1
 28
 4
 1
 1
 12
 9
 78
 2
 9
 2
 6
 2
a 3
S 3
 3
 3
 3
 2
 11
 19
 3
 14
 48
 1
 5
k 21
 7
 2
 1
ѱ 1
 1
 3
 2
 2
 9
 1
 1
 5
 1
 7
ҭ 2
 1
 12
 19
 1
 1
 23
t 87
 1
 2
 4
 2
 1
 2
 1
 4
 4
 1
 2
 1
 2
 1
 4
 2
 3
 1
 4
ץ 1
 2
 2
 2
 3
Է 4
 9
 2
 2
 19
 3
J 2
 2
e 2
 2
 5
 3
 4
ѿ 2
ǻ 2
ٿ 2
 2
L 1
 2
֩ 2
 2
 1
 1
 4
Ǵ 1
 1
 2
س 1
 1
 1
 4
 1
Y 1
 1
 1
 2
 2
 6
 2
 6
 3
 1
 3
 4
M 1
 1
 2
 4
 5
 16
 2
 4
 2
 1
ۣ 2
 2
 1
 2
 6
 3
 6
 1
 1
 5
 2
 1
ү 1
 1
 6
 8
 1
 2
 1
 1
 1
 1
 1
 9
 1
 1
 1
 1
 1
 8
 4
 1
 3
ѣ 2
į 2
۳ 5
 9
ް 6
 21
ٲ 1
M 6
 2
۰ 1
 2
ݽ 1
 1
 2
 1
 3
 1
ѳ 1
ε 1
 2
 1
 1
 6
 1
 3
 1
 2
 1
ͫ 1
 2
ֳ 1
 4
պ 1
 2
V 12
̥ 2
 6
 3
­ 2
 1
 1
 1
 2
 1
 2
 2
 2
 4
 1
ɼ 1
 2
 4
 2
 2
Q 2
 1
 1
 1
վ 1
 1
 1
 1
 1
ʲ 4
 5
 17
 14
 60
 1
 1
ѥ 1
 39
 15
Ϭ 2
 1
 2
 1
 4
 3
 6
Ы 3
 3
 3
 1
 2
 7
ޯ 3
ܿ 2
 1
 1
ұ 2
 1
 1
ɸ 1
 4
 8
 4
 1
 1
 1
 1
 1
 1
 1
 2
 1
 1
 2
Ԧ 1
 1
 1
 1
 1
 1
N 1
S 12
D 73
t 1
 3
 1
 67
 12
 1
 1
 1
 2
 9
 1
 3
 1
ߞ 21
Ѽ 1
 1
 1
 4
 1
 2
 1
 2
 1
 21
 1
 1
ݸ 1
 1
 1
z 1
 1
 3
 3
 11
 6
ɤ 1
 2
 3
 6
 1
 1
 2
 2
ջ 17
 4
 1
 1
 1
 14
± 13
 1
 1
 1
 1
 1
 1
 1
 1
 1
 1
 1
F 1
 11
y 1
 1
 3
 1
 6
 1
 1
 3
 1
 1
ȷ 1
 1
 1
 4
 2
 1
 1
 1
 1
м 1
 1
 2
 1
 1
 1
 1
 1
 7
 1
 4
Ӭ 3
 5
 1
 1
 3
 3
 1
 11
 1
 1
ع 4
 2
 5
 2
 1
 1
 2
 2
 39
 25
 1
 1
@ 2
 2
 9
 4
ڹ 7
 6
y 4
 2
 2
 1
 1
 2
ݰ 1
 3
 7
 1
 2
 2
 1
 1
 1
 47
 3
 1
 2
 1
 4
 1
 1
v 1
 1
ɦ 1
 1
 1
 1
҇ 4
 2
 1
î 1
 1
ܭ 1
 1
 1
 2
 30
 1
 1
 1
 1
F 20
 1
 1
Ө 6
 1
 1
 1
ݶ 1
